    0     2  2020 10 29      2268000   90.8  2020 10  3
    0     2  2021  4 13       712800   80.7  2021  4  5
    0     2  2021  4 13       896400   74.5  2021  4  3
    0     2  2021  4 13       723600   86.2  2021  4  5
    0     2  2021  4 14       777600   54.5  2021  4  5
    0     2  2021  4 14       874800   61.3  2021  4  4
    0     2  2021  4 19      1274400   50.9  2021  4  5
    0     2  2021  4 20      1296000   63.5  2021  4  5
    0     2  2021  4 21      1393200   52.0  2021  4  5
    0     2  2021  4 21      1306800   74.4  2021  4  6
    0     2  2021  4 21      1458000   51.3  2021  4  5
    0    13  2021  6  7      1317600   93.1  2021  5 23
    0     2  2021  6  8      3488400   80.4  2021  4 29
    0    13  2021  6 27      2592000   82.9  2021  5 28
    0     2  2021  7 21       961200   73.0  2021  7 10
    0     2  2021  7 21       874800   89.1  2021  7 11
    0     2  2021  7 21       788400   78.6  2021  7 12
    0     2  2021  7 21       788400   66.6  2021  7 12
    0     2  2021  7 21      1058400   85.7  2021  7  9
    0     2  2021  7 21       712800   72.1  2021  7 13
    0     2  2021  7 21      1166400   56.1  2021  7  8
    0     2  2021  7 21       907200   66.1  2021  7 11
    0     2  2021  7 21       820800   77.4  2021  7 12
    0     2  2021  7 21      1350000   67.4  2021  7  6
    0     2  2021  7 21      1263600   66.4  2021  7  7
    0     2  2021  7 21       831600   88.6  2021  7 12
    0     2  2021  7 21      1447200   83.3  2021  7  5
    0     2  2021  7 23      1900800   86.2  2021  7  1
    0     2  2021  7 26      2149200   70.8  2021  7  2
    0     2  2021  7 27      2311200   61.7  2021  7  1
    0     2  2021  7 28       874800   87.8  2021  7 18
    0     2  2021  9 14      2667600   74.9  2021  8 15
    0     1  2022  8 25      3391200   57.5  2022  7 17
